14 0.919110 0.914391 0.160706 0.170125
14 0.194087 0.573922 0.123326 0.171900
14 0.288807 0.373285 0.103628 0.053241
14 0.602502 0.289323 0.033397 0.022725
14 0.540609 0.343645 0.049679 0.063339
14 0.560315 0.292357 0.025534 0.034192
14 0.023419 0.490669 0.046576 0.137032
14 0.110623 0.273557 0.054982 0.055712
14 0.016550 0.334862 0.032981 0.044693
14 0.152163 0.340286 0.088319 0.070401
14 0.817242 0.281330 0.027531 0.026690
14 0.041209 0.292116 0.050632 0.020019
14 0.725015 0.283160 0.025419 0.017239
