14 0.518581 0.475125 0.108093 0.088305
14 0.644333 0.473675 0.078748 0.071108
14 0.868186 0.460766 0.090431 0.075309
14 0.030864 0.512650 0.061240 0.056119
14 0.718706 0.453008 0.101039 0.078746
14 0.160788 0.499787 0.140103 0.090717
14 0.427789 0.477219 0.105092 0.089562
14 0.587314 0.477985 0.084282 0.087327
14 0.881742 0.440877 0.046331 0.060358
14 0.584347 0.466119 0.078411 0.063257
19 0.626798 0.339381 0.116520 0.062690
14 0.960817 0.421283 0.078159 0.083540
14 0.782692 0.452140 0.111795 0.071398
