14 0.553884 0.427587 0.078871 0.082641
14 0.157412 0.704584 0.252492 0.590832
14 0.940592 0.453996 0.060008 0.060316
14 0.816081 0.437518 0.029685 0.048012
14 0.301713 0.401944 0.027135 0.055385
14 0.270207 0.708365 0.522850 0.581530
14 0.643624 0.397974 0.029464 0.054908
14 0.784725 0.385773 0.023632 0.033626
14 0.266548 0.590709 0.532539 0.333331
14 0.611865 0.383994 0.028908 0.038157
14 0.722520 0.418821 0.098155 0.057227
14 0.060546 0.599104 0.120655 0.179508
14 0.501099 0.375766 0.042208 0.031913
14 0.688595 0.375678 0.026239 0.027326
