14 0.250815 0.854153 0.404526 0.290071
14 0.567563 0.384028 0.027763 0.033774
14 0.523039 0.433536 0.058959 0.053547
14 0.649034 0.421954 0.035742 0.048657
14 0.756171 0.390016 0.032773 0.039045
14 0.526815 0.393777 0.027048 0.051833
14 0.799099 0.426593 0.045582 0.047256
14 0.254735 0.413313 0.041965 0.054460
14 0.647393 0.385575 0.029964 0.031095
14 0.497627 0.377335 0.032773 0.021267
14 0.455561 0.367080 0.022466 0.031417
14 0.624378 0.418381 0.053102 0.048979
14 0.320597 0.419222 0.046202 0.063214
