14 0.945594 0.422349 0.059176 0.057898
14 0.433525 0.444250 0.086324 0.064238
14 0.515319 0.514804 0.122282 0.080784
14 0.540474 0.463631 0.064793 0.051034
14 0.603692 0.438204 0.074955 0.067787
14 0.371506 0.439542 0.037198 0.046479
14 0.296583 0.479712 0.099120 0.048339
14 0.780400 0.448807 0.087852 0.056542
14 0.685666 0.363235 0.021123 0.041553
14 0.470892 0.416182 0.058546 0.057164
14 0.785996 0.487994 0.076518 0.055775
14 0.827730 0.431183 0.026932 0.046069
14 0.013489 0.369890 0.026925 0.038440
14 0.184715 0.422924 0.046128 0.088325
14 0.534080 0.407028 0.053417 0.046310
14 0.843961 0.408313 0.035326 0.031781
14 0.160714 0.476458 0.074523 0.087475
14 0.013535 0.382322 0.026898 0.063082
