14 0.787465 0.712887 0.361725 0.332029
14 0.309993 0.402639 0.263968 0.325669
14 0.190683 0.563158 0.235517 0.252514
14 0.290813 0.141096 0.109969 0.141290
14 0.710600 0.409581 0.125403 0.165530
14 0.090934 0.159268 0.092898 0.120489
14 0.190282 0.143007 0.088414 0.173013
14 0.501532 0.477034 0.220518 0.279463
14 0.292330 0.237296 0.126822 0.181824
14 0.522031 0.930766 0.342627 0.137633
14 0.757646 0.084449 0.051479 0.107857
21 0.521717 0.931059 0.342204 0.136976
14 0.582050 0.238973 0.157377 0.183067
14 0.106836 0.106889 0.212790 0.213168
14 0.483173 0.308072 0.140529 0.182883
14 0.557899 0.077761 0.097543 0.151634
