14 0.538606 0.784978 0.354679 0.428469
14 0.100718 0.491778 0.167205 0.299744
14 0.522219 0.972102 0.079450 0.055083
14 0.381575 0.191162 0.068950 0.092698
14 0.859261 0.668374 0.280655 0.342837
14 0.967065 0.791122 0.065092 0.290499
14 0.346012 0.679956 0.290170 0.466431
14 0.248053 0.679678 0.487858 0.467754
14 0.247633 0.821666 0.274983 0.355495
14 0.771481 0.624671 0.141493 0.312035
14 0.858609 0.460569 0.157975 0.275404
14 0.031914 0.399697 0.063476 0.223658
14 0.274570 0.270358 0.115996 0.154098
14 0.538490 0.166812 0.040685 0.067065
14 0.083583 0.396975 0.166545 0.221804
14 0.578140 0.546979 0.273674 0.366764
14 0.294030 0.489484 0.236780 0.263413
