14 0.789358 0.708170 0.355300 0.320905
14 0.309268 0.406013 0.262430 0.324759
14 0.582710 0.239910 0.159781 0.188188
14 0.291851 0.141116 0.107876 0.140271
14 0.183769 0.567639 0.228117 0.261548
14 0.711663 0.408922 0.124874 0.167793
14 0.091236 0.159075 0.093659 0.120335
14 0.293805 0.237705 0.130607 0.182964
14 0.500235 0.479477 0.218480 0.283400
14 0.190347 0.137477 0.090253 0.182275
14 0.757721 0.083353 0.050250 0.103313
14 0.522944 0.930826 0.340808 0.137425
14 0.475530 0.318045 0.155612 0.207595
14 0.559500 0.079827 0.099260 0.151193
21 0.522725 0.930973 0.340290 0.137163
14 0.972132 0.284452 0.054974 0.100786
