18 0.691637 0.635982 0.064794 0.158099
18 0.606116 0.469735 0.112821 0.183225
18 0.147007 0.519488 0.061860 0.116817
18 0.099738 0.348151 0.044826 0.099176
18 0.396830 0.322326 0.065691 0.078753
18 0.292703 0.388202 0.046035 0.096058
18 0.103785 0.629253 0.090558 0.168559
18 0.854748 0.830858 0.189088 0.336446
18 0.285243 0.283357 0.029801 0.069782
18 0.680071 0.851753 0.111584 0.229036
18 0.075023 0.629691 0.148418 0.171765
14 0.397085 0.322199 0.065567 0.078995
18 0.185331 0.236027 0.046684 0.061100
18 0.588174 0.875837 0.162902 0.209965
18 0.576208 0.668630 0.104869 0.149139
18 0.577679 0.278080 0.044488 0.063623
