0 0.930213 0.465641 0.092642 0.074288
0 0.160871 0.508288 0.064643 0.107971
0 0.573678 0.379159 0.049054 0.077139
0 0.624609 0.427493 0.050273 0.074552
0 0.727441 0.476936 0.098512 0.101467
0 0.850975 0.456654 0.077551 0.096372
0 0.958334 0.438942 0.059363 0.049224
0 0.318250 0.413581 0.053186 0.076776
0 0.881608 0.505081 0.065854 0.047610
0 0.700998 0.461209 0.074229 0.063435
0 0.391608 0.391861 0.067592 0.051108
0 0.718998 0.420113 0.076582 0.063134
0 0.481356 0.543737 0.150763 0.131568
0 0.288728 0.395138 0.031670 0.051822
0 0.224035 0.510623 0.086759 0.085580
0 0.861936 0.446938 0.056189 0.039672