0 0.691637 0.635982 0.064794 0.158099
0 0.606116 0.469735 0.112821 0.183225
0 0.147007 0.519488 0.061860 0.116817
0 0.099738 0.348151 0.044826 0.099176
0 0.396830 0.322326 0.065691 0.078753
0 0.292703 0.388202 0.046035 0.096058
0 0.103785 0.629253 0.090558 0.168559
0 0.854748 0.830858 0.189088 0.336446
0 0.285243 0.283357 0.029801 0.069782
0 0.680071 0.851753 0.111584 0.229036
0 0.075023 0.629691 0.148418 0.171765
0 0.397085 0.322199 0.065567 0.078995
0 0.185331 0.236027 0.046684 0.061100
0 0.588174 0.875837 0.162902 0.209965
0 0.576208 0.668630 0.104869 0.149139
0 0.577679 0.278080 0.044488 0.063623